4
2 4 6 8
2 4 6 8
2 4 6 8
2 4 6 8
[
    32
]
10
8 8 4 16 32 0 0 8 8 8
8 8 4 0 0 8 0 0 0 0
16 0 0 16 0 0 0 0 0 0
0 0 0 0 0 0 0 0 0 0
0 0 0 0 0 0 0 0 0 0
0 0 0 0 0 0 0 0 0 0
0 0 0 0 0 0 0 0 0 0
0 0 0 0 0 0 0 0 0 0
0 0 0 0 0 0 0 0 0 16
0 0 0 0 0 0 0 0 0 2
[
    128
]
4
0 0 0 0
4 0 0 0
8 32 4 0
8 8 4 0
[
    64
]
4
8 16 0 0
0 0 16 8
0 0 0 0
0 0 0 0
[
    32
]
2
8 16
16 8
[
    16
]
3
2 2 4
0 0 0
0 0 0
[
    8
]
20
1024 1024 1024 1024 1024 1024 1024 1024 1024 1024 1024 1024 1024 1024 1024 1024 1024 1024 1024 1024
1024 1024 1024 1024 1024 1024 1024 1024 1024 1024 1024 1024 1024 1024 1024 1024 1024 1024 1024 1024
1024 1024 1024 1024 1024 1024 1024 1024 1024 1024 1024 1024 1024 1024 1024 1024 1024 1024 1024 1024
1024 1024 1024 1024 1024 1024 1024 1024 1024 1024 1024 1024 1024 1024 1024 1024 1024 1024 1024 1024
1024 1024 1024 1024 1024 1024 1024 1024 1024 1024 1024 1024 1024 1024 1024 1024 1024 1024 1024 1024
1024 1024 1024 1024 1024 1024 1024 1024 1024 1024 1024 1024 1024 1024 1024 1024 1024 1024 1024 1024
1024 1024 1024 1024 1024 1024 1024 1024 1024 1024 1024 1024 1024 1024 1024 1024 1024 1024 1024 1024
1024 1024 1024 1024 1024 1024 1024 1024 1024 1024 1024 1024 1024 1024 1024 1024 1024 1024 1024 1024
1024 1024 1024 1024 1024 1024 1024 1024 1024 1024 1024 1024 1024 1024 1024 1024 1024 1024 1024 1024
1024 1024 1024 1024 1024 1024 1024 1024 1024 1024 1024 1024 1024 1024 1024 1024 1024 1024 1024 1024
1024 1024 1024 1024 1024 1024 1024 1024 1024 1024 1024 1024 1024 1024 1024 1024 1024 1024 1024 1024
1024 1024 1024 1024 1024 1024 1024 1024 1024 1024 1024 1024 1024 1024 1024 1024 1024 1024 1024 1024
1024 1024 1024 1024 1024 1024 1024 1024 1024 1024 1024 1024 1024 1024 1024 1024 1024 1024 1024 1024
1024 1024 1024 1024 1024 1024 1024 1024 1024 1024 1024 1024 1024 1024 1024 1024 1024 1024 1024 1024
1024 1024 1024 1024 1024 1024 1024 1024 1024 1024 1024 1024 1024 1024 1024 1024 1024 1024 1024 1024
1024 1024 1024 1024 1024 1024 1024 1024 1024 1024 1024 1024 1024 1024 1024 1024 1024 1024 1024 1024
1024 1024 1024 1024 1024 1024 1024 1024 1024 1024 1024 1024 1024 1024 1024 1024 1024 1024 1024 1024
1024 1024 1024 1024 1024 1024 1024 1024 1024 1024 1024 1024 1024 1024 1024 1024 1024 1024 1024 1024
1024 1024 1024 1024 1024 1024 1024 1024 1024 1024 1024 1024 1024 1024 1024 1024 1024 1024 1024 1024
1024 1024 1024 1024 1024 1024 1024 1024 1024 1024 1024 1024 1024 1024 1024 1024 1024 1024 1024 1024
[
    32768
]
10
0 0 64 32 32 0 0 0 0 0
0 32 32 64 0 0 0 0 0 0
0 0 128 0 0 0 0 0 0 0 
64 64 128 0 0 0 0 0 0 0
0 0 64 32 32 0 0 0 0 0
0 32 32 64 0 0 0 0 0 0
0 0 128 0 0 0 0 0 0 0 
64 64 128 0 0 0 0 0 0 0
128 32 2 4 0 0 0 0 0 0
0 0 128 0 0 0 0 0 0 0
[
    1024
]
7
2 2 2 2 2 2 2
2 0 2 2 2 2 2
2 0 2 2 2 2 2
2 0 2 2 2 2 2
2 2 2 0 2 2 2 
2 2 2 2 2 2 0
2 2 2 2 2 2 0
[
    32
]
2
16 0 
0 0
[
    16
]
10
16 16 8 32 32 0 0 8 8 8
16 0 0 0 0 8 0 0 0 16
0 0 0 0 0 0 0 0 0 2
0 0 0 0 0 0 0 0 0 0
0 0 0 0 0 0 0 0 0 0
0 0 0 0 0 0 0 0 0 0
0 0 0 0 0 0 0 0 0 0
0 0 0 0 0 0 0 0 0 0
0 0 0 0 0 0 0 0 0 0
0 0 0 0 0 0 0 0 0 0
[
    64
]
5
2 2 4 8 16
0 0 0 0 0
0 0 0 0 0
0 0 0 0 0
2 2 4 8 16
[
    64
]
3
2 2 2
2 2 2
2 2 2 
[
    8
]
3
2 2 2
4 4 4
8 8 8
[
    16
]