1
111111111111111111111111111111
121000000010000000000000000011
101011111011101110111111111111
100010001010001000100000000011
111110101010111111101111111011
100000101010001000001000001011
101111101011101011111011101111
101000101000101000100010000011
101010111110101110111011111111
101010001000100010000010000011
101011101011101111101110111111
101000100010000000001000100001
101110111111111111111011101111
100010001000000000000010100011
111011101011111111111110111011
100000101000100010001000100011
101110101010101010101010101111
100010101010101000101010001001
101010101110101111101011111111
101010000010101000101000000001
101011111010101011101111111111
101010001010101000100000000001
101010101010101110111011101111
101010101000000000101000101001
101010101111111110101110101011
101000100010001000100010101001
101111101110101011101110101111
101010001000101000000010100001
101010101011101011111000111011
100010101010100000000010000311
111111111111111111111111111111