4 2 3
0 0 0 0
0 0 0 0
0 0 0 0
0 0 0 0
3 1
1 1 1 2
1 2 3 2
[
    4
]
6 3 13
0 0 1 0 0 0
0 0 1 0 0 0
0 0 0 0 0 0
0 0 0 0 0 0
0 0 0 0 1 0
0 0 0 1 0 0
6 5
2 2 5 6
5 4 1 6
4 2 3 5
[
    -1
]
5 5 4
0 0 0 0 0
0 0 0 0 0
0 0 0 0 0
0 0 0 0 0
0 0 0 0 0
3 3
2 2 4 2
4 2 4 4
4 4 2 4
2 4 2 2
2 5 3 3
[
    10
]
4 2 10
0 0 1 0
0 1 0 0
0 1 0 1
0 0 0 0
1 1
4 3 4 3
2 4 1 1
[
    2
]
2 1 1
0 0
0 0
2 2
2 2 2 2
[
    2
]
6 3 100
0 0 1 0 0 0
0 0 1 0 0 0
0 0 0 1 0 0
0 0 0 1 0 0
0 0 0 0 1 0
0 0 0 1 0 0
6 5
2 2 5 6
5 4 1 6
4 2 3 5
[
    -1
]
6 3 15
0 0 1 0 0 0
0 0 1 0 0 0
0 0 0 0 0 0
0 0 0 0 0 0
0 0 0 0 1 0
0 0 0 1 0 0
6 5
2 2 5 6
5 4 1 6
4 2 3 5
[
    14
]